[CMA]
SearchProcessNum=4
CMAFilePath=./glog/cma/
GoodPath=/Data/good/subject4/3.txt
MissPath=/Data/miss/subject4/2.txt

[GOWN]
MeshFilePath=/Mesh/fullgown.obj
VStretch=0.0883887326743833
HStretch=0.0883887326743833
Shear=0.5869794205273706
Bend=0.5869794205273706
Friction=0.5633855129488963
#SelfFriction=self_friction
SelfFriction=0.2199003909829521
SelfCollisionDist=0.008
Iteration=20
Damping=0.0025
HeightOffset=0
FistRadius=0.05
WristRadius=0.0365
ElbowRadius=0.05
ShoulderRadius=0.075
ForearmLength=0.31
UpperArmLength=0.32

[SHORTS]
MeshFilePath=/Mesh/shorts_minimesh.obj
VStretch=0.0883887326743833
HStretch=0.0883887326743833
Shear=0.5869794205273706
Bend=0.5869794205273706
Friction=0.5633855129488963
#SelfFriction=self_friction
SelfFriction=0.2199003909829521
SelfCollisionDist=0.008
Iteration=20
Damping=0.0025
HeightOffset=0
FistRadius=0.05
WristRadius=0.0365
ElbowRadius=0.05
ShoulderRadius=0.075
ForearmLength=0.31
UpperArmLength=0.32

[CLOTH]
MeshFilePath=/Mesh/shorts_fine.obj
VStretch=0.0883887326743833
HStretch=0.0883887326743833
Shear=0.5869794205273706
Bend=0.5869794205273706
Friction=0.5633855129488963
#SelfFriction=self_friction
SelfFriction=0.2199003909829521
SelfCollisionDist=0.008
Iteration=20
Damping=0.0025
Y_rotation=3.14
X_rotation=0
Z_rotation=0
X_translation=-0.4
Y_translation=0.85
Z_translation=1.45
X_scale=0.8
Y_scale=0.8
Z_scale=0.8

[Sample]
IsSampling=True
RangeHeightOffset=0.0 0.03
OutputPath=/Output/gown_experiment/subject4/

[VISUALIZATION]
GoodPath=/Data/good/subject4/3.txt
MissPath=/Data/miss/subject4/2.txt

